1.304503530263900757e-04 7.546578854089602828e-05 1.101553789339959621e-04 7.454267324646934867e-05 6.125741492724046111e-05 4.391261609271168709e-05 1.046194083755835891e-04 7.048314000712707639e-05 7.251290662679821253e-05 1.291547596338205040e-05
1.806423824746161699e-04 1.541563397040590644e-04 6.627376569667831063e-05 6.170947744976729155e-05 7.922340591903775930e-05 4.392172922962345183e-05 9.716761996969580650e-05 4.423466452863067389e-05 0.000000000000000000e+00 0.000000000000000000e+00
2.661034523043781519e-04 1.727868220768868923e-04 7.922348595457151532e-05 8.313677244586870074e-05 1.433138240827247500e-04 7.435243605868890882e-05 1.218318720930255949e-04 1.163585911854170263e-04 6.556809967150911689e-05 1.721314038150012493e-05
3.505218483041971922e-04 1.595822832314297557e-04 1.377775915898382664e-04 1.265975733986124396e-04 7.128175639081746340e-05 5.904891440877690911e-05 9.574744763085618615e-05 9.521139145363122225e-05 3.777063466259278357e-05 2.124936600012006238e-06
6.071942043490707874e-04 2.330858551431447268e-04 1.368749944958835840e-04 1.232728536706417799e-04 1.135336569859646261e-04 7.173132325988262892e-05 1.745298359310254455e-04 1.163295164587907493e-04 5.447967123473063111e-05 5.827146378578618169e-05
1.346629811450839043e-03 2.668388769961893559e-04 4.745729529531672597e-05 8.517881360603496432e-05 3.233141615055501461e-05 3.389806806808337569e-05 2.039106184383854270e-04 3.719930464285425842e-05 1.911726712933159433e-06 0.000000000000000000e+00
3.380567301064729691e-03 5.270459223538637161e-04 1.104545372072607279e-04 1.024963348754681647e-04 8.819333743304014206e-05 2.888900235120672733e-05 3.188699483871459961e-04 7.681237912038341165e-05 9.593383765604812652e-06 8.045283721003215760e-06
8.764569647610187531e-03 1.196401426568627357e-03 1.948292338056489825e-04 1.219030309584923089e-04 1.008731633191928267e-04 5.766963295172899961e-05 4.520323418546468019e-04 1.193278076243586838e-04 4.577875370159745216e-05 6.165817467262968421e-05
2.012734673917293549e-02 2.560492372140288353e-03 2.287770039401948452e-04 1.257788971997797489e-04 6.232212035683915019e-05 2.085347296088002622e-05 5.093432264402508736e-04 5.622411117656156421e-05 1.108728724830143619e-06 0.000000000000000000e+00
3.719679638743400574e-02 5.664792377501726151e-03 4.286728799343109131e-04 2.353555028093978763e-04 7.718824053881689906e-05 4.436107337824068964e-05 5.519481492228806019e-04 7.538151112385094166e-05 2.839145281541277654e-06 1.555060953251086175e-05
3.989278525114059448e-02 1.152284350246191025e-02 8.361125364899635315e-04 4.383652121759951115e-04 1.441506174160167575e-04 5.409284131019376218e-05 5.043817218393087387e-04 1.287370105274021626e-04 3.005157850566320121e-06 3.557711534085683525e-05
2.130515500903129578e-02 1.817239634692668915e-02 1.580710755661129951e-03 8.417201461270451546e-04 1.115776176447980106e-04 3.147060851915739477e-05 3.545607323758304119e-04 2.143734600394964218e-04 0.000000000000000000e+00 0.000000000000000000e+00
1.103043369948863983e-02 2.690754085779190063e-02 2.996068447828292847e-03 1.663189032115042210e-03 1.086123957065865397e-04 5.061351475887931883e-05 3.000387514475733042e-04 3.458732389844954014e-04 0.000000000000000000e+00 0.000000000000000000e+00
6.128912791609764099e-03 3.841165080666542053e-02 5.882848054170608521e-03 3.319671610370278358e-03 1.747298229020088911e-04 6.614708399865776300e-05 3.519978781696408987e-04 4.929052665829658508e-04 0.000000000000000000e+00 2.139913340215571225e-05
3.043022006750106812e-03 3.398682549595832825e-02 1.028658729046583176e-02 5.674392450600862503e-03 2.462585107423365116e-04 1.060351787600666285e-04 3.168625116813927889e-04 4.506986006163060665e-04 3.219448626623488963e-05 2.514269181119743735e-05
1.707922550849616528e-03 1.987362280488014221e-02 1.741752400994300842e-02 9.136618115007877350e-03 3.767823509406298399e-04 1.343253388768061996e-04 2.933123905677348375e-04 3.649996942840516567e-04 1.096417804546945263e-06 2.958793402285664342e-06
9.459201246500015259e-04 1.140230800956487656e-02 2.658834494650363922e-02 1.347628701478242874e-02 6.092874100431799889e-04 1.447303511667996645e-04 2.917576348409056664e-04 3.672296588774770498e-04 4.603293746185954660e-06 0.000000000000000000e+00
5.074460059404373169e-04 6.966714747250080109e-03 3.275207057595252991e-02 1.862612925469875336e-02 1.027719234116375446e-03 1.929236459545791149e-04 3.517106233630329370e-04 2.455250360071659088e-04 0.000000000000000000e+00 0.000000000000000000e+00
3.216037002857774496e-04 3.834593342617154121e-03 2.962282858788967133e-02 2.353445254266262054e-02 1.767501118592917919e-03 2.539637207519263029e-04 4.199992108624428511e-04 2.182236057706177235e-04 3.165280986650031991e-06 0.000000000000000000e+00
1.878302136901766062e-04 2.090693684294819832e-03 2.027726732194423676e-02 2.535790018737316132e-02 2.995632588863372803e-03 3.802016144618391991e-04 5.700176698155701160e-04 1.902065123431384563e-04 0.000000000000000000e+00 2.148486055375542492e-05
1.194997239508666098e-04 1.272231573238968849e-03 1.324947457760572433e-02 2.294251881539821625e-02 5.115340929478406906e-03 6.190639687702059746e-04 8.142458391375839710e-04 1.756537676556035876e-04 8.646643436804879457e-06 9.909349500958342105e-06
7.989037840161472559e-05 7.435710285790264606e-04 8.742826990783214569e-03 1.699911057949066162e-02 8.607427589595317841e-03 1.000836142338812351e-03 1.371755148284137249e-03 1.172540360130369663e-04 0.000000000000000000e+00 0.000000000000000000e+00
6.428106280509382486e-05 4.420352343004196882e-04 5.461880005896091461e-03 1.152760814875364304e-02 1.368052419275045395e-02 1.660771318711340427e-03 2.420051489025354385e-03 1.135062993853352964e-04 1.311858432018198073e-05 1.474313739890931174e-05
5.117375258123502135e-05 2.844900591298937798e-04 3.341282019391655922e-03 7.836408913135528564e-03 1.985557749867439270e-02 2.783176256343722343e-03 4.277256783097982407e-03 1.083651368389837444e-04 3.803214440267765895e-06 0.000000000000000000e+00
6.263794784899801016e-05 2.027758018812164664e-04 2.128484193235635757e-03 5.231569521129131317e-03 2.517064660787582397e-02 4.719333257526159286e-03 7.105295080691576004e-03 9.801734267966821790e-05 2.291597411385737360e-06 4.010375320717685099e-08
4.861031993641518056e-05 1.724230969557538629e-04 1.375884399749338627e-03 3.337379544973373413e-03 2.625569514930248260e-02 7.587578147649765015e-03 1.052761264145374298e-02 1.157662845798768103e-04 3.535501491569448262e-06 2.121300894941668957e-06
7.334199472097679973e-05 1.591369946254417300e-04 9.228592389263212681e-04 2.191052306443452835e-03 2.320918254554271698e-02 1.153364684432744980e-02 1.407153438776731491e-02 1.954639883479103446e-04 2.244412826257757843e-05 1.710456308501306921e-05
7.381284376606345177e-05 1.356467400910332799e-04 6.358014652505517006e-04 1.465902430936694145e-03 1.807130128145217896e-02 1.557699590921401978e-02 1.713626086711883545e-02 2.916894154623150826e-04 4.987251941201975569e-06 5.053369932284113020e-06
6.376558303600177169e-05 1.343436888419091702e-04 4.549398727249354124e-04 1.015163608826696873e-03 1.342576090246438980e-02 1.831389591097831726e-02 1.964582130312919617e-02 4.722834855783730745e-04 1.093230275728274137e-05 7.877624739194288850e-06
7.508342969231307507e-05 1.299612486036494374e-04 3.467729256954044104e-04 6.870853248983621597e-04 9.684376418590545654e-03 1.815186254680156708e-02 2.108449861407279968e-02 7.633850909769535065e-04 3.802066657954128459e-06 3.091026883339509368e-07
7.151148020057007670e-05 1.299797586398199201e-04 2.862045657820999622e-04 4.947314155288040638e-04 6.894788239151239395e-03 1.580359786748886108e-02 2.200887538492679596e-02 1.288581290282309055e-03 1.344854445051169023e-05 1.343875919701531529e-05
7.185948925325646996e-05 1.323029428021982312e-04 2.482634154148399830e-04 3.770275216083973646e-04 4.795979708433151245e-03 1.258162967860698700e-02 2.259836904704570770e-02 2.116913674399256706e-03 0.000000000000000000e+00 3.816709977400023490e-06
7.925684622023254633e-05 1.397630549035966396e-04 2.356799086555838585e-04 3.024301549885421991e-04 3.316508140414953232e-03 9.662241674959659576e-03 2.295606210827827454e-02 3.386588534340262413e-03 1.169957977253943682e-05 1.744849032547790557e-05
8.069915929809212685e-05 1.509717985754832625e-04 2.061703416984528303e-04 2.633836120367050171e-04 2.319197403267025948e-03 7.299446966499090195e-03 2.315582707524299622e-02 5.268633831292390823e-03 7.101096798578510061e-06 0.000000000000000000e+00
7.754830585326999426e-05 1.535826304461807013e-04 2.106227038893848658e-04 2.244537172373384237e-04 1.641112263314425945e-03 5.408185068517923355e-03 2.298296801745891571e-02 7.849736139178276062e-03 1.501322640251601115e-05 4.759108378493692726e-06
8.452051406493410468e-05 1.761397725204005837e-04 2.058661193586885929e-04 2.063268329948186874e-04 1.176955061964690685e-03 3.896591486409306526e-03 2.273209020495414734e-02 1.116086356341838837e-02 4.948747573507716879e-06 0.000000000000000000e+00
1.031283318297937512e-04 1.928120182128623128e-04 2.062566636595875025e-04 2.075370430247858167e-04 8.756567840464413166e-04 2.825919771566987038e-03 2.240378037095069885e-02 1.515461318194866180e-02 2.329821472812909633e-05 7.307187843252904713e-06
1.038962218444794416e-04 1.977106876438483596e-04 2.193402615375816822e-04 1.964352122740820050e-04 6.556164589710533619e-04 2.024388173595070839e-03 2.189132571220397949e-02 1.945463009178638458e-02 2.240170579170808196e-05 8.962632819020655006e-06
1.184512220788747072e-04 2.297787141287699342e-04 2.258927997900173068e-04 2.208415098721161485e-04 5.468574236147105694e-04 1.490905415266752243e-03 2.132291346788406372e-02 2.377645857632160187e-02 3.775676668738014996e-05 1.023251752485521138e-05
1.219220866914838552e-04 2.611138625070452690e-04 2.409120352240279317e-04 2.095134113915264606e-04 4.734704853035509586e-04 1.110807061195373535e-03 2.073463052511215210e-02 2.792289480566978455e-02 6.851449143141508102e-05 2.701496305235195905e-05
1.289177598664537072e-04 2.640134480316191912e-04 2.344786771573126316e-04 2.201047027483582497e-04 4.027761169709265232e-04 8.558235131204128265e-04 1.988106407225131989e-02 3.111288882791996002e-02 9.968408267013728619e-05 3.716982610058039427e-05
1.250888890353962779e-04 2.636033168528228998e-04 2.487880410626530647e-04 2.192923129769042134e-04 3.696852945722639561e-04 6.493139080703258514e-04 1.891158707439899445e-02 3.344211354851722717e-02 1.683246809989213943e-04 5.123719893163070083e-05
1.302930031670257449e-04 2.790774742607027292e-04 2.571576915215700865e-04 2.280988992424681783e-04 3.449949144851416349e-04 5.315021844580769539e-04 1.791683956980705261e-02 3.470988944172859192e-02 3.078538575209677219e-04 1.024767479975707829e-04
1.202445855597034097e-04 2.660110185388475657e-04 2.223994670202955604e-04 2.132216322934255004e-04 3.228236455470323563e-04 4.192245542071759701e-04 1.688014715909957886e-02 3.536242246627807617e-02 5.366296973079442978e-04 1.432004064554348588e-04
1.439172192476689816e-04 2.682294580154120922e-04 2.406666899332776666e-04 2.128529595211148262e-04 3.087333170697093010e-04 3.490633389446884394e-04 1.581385545432567596e-02 3.508651256561279297e-02 9.258913923986256123e-04 2.428688021609559655e-04
9.509075607638806105e-05 2.264244831167161465e-04 2.080143167404457927e-04 1.875068264780566096e-04 2.777667250484228134e-04 2.837228821590542793e-04 1.467993669211864471e-02 3.420247882604598999e-02 1.566590624861419201e-03 3.763510030694305897e-04
1.083661190932616591e-04 2.607118512969464064e-04 2.227735967608168721e-04 1.960667577804997563e-04 2.801602240651845932e-04 2.574704412836581469e-04 1.359198428690433502e-02 3.256074711680412292e-02 2.663332037627696991e-03 6.807314930483698845e-04
1.114896585932001472e-04 2.400275843683630228e-04 1.822248887037858367e-04 1.856345479609444737e-04 2.476842200849205256e-04 2.345902466913685203e-04 1.245679892599582672e-02 3.063664212822914124e-02 4.413625691086053848e-03 1.103083486668765545e-03
1.008963372441940010e-04 2.269006072310730815e-04 1.918359776027500629e-04 1.778841105988249183e-04 2.342338266316801310e-04 2.039414539467543364e-04 1.133241504430770874e-02 2.839135937392711639e-02 7.352903019636869431e-03 1.851151348091661930e-03
1.033181106322444975e-04 1.987577124964445829e-04 1.693548547336831689e-04 1.560999808134511113e-04 2.064485452137887478e-04 1.899096387205645442e-04 1.030345167964696884e-02 2.591854892671108246e-02 1.196141354739665985e-02 3.056297078728675842e-03
8.984778833109885454e-05 1.742099557304754853e-04 1.638941321289166808e-04 1.453056611353531480e-04 1.980457018362358212e-04 1.535187184344977140e-04 9.359358809888362885e-03 2.358870953321456909e-02 1.847272552549839020e-02 5.054043605923652649e-03
7.216732046799734235e-05 1.387625525239855051e-04 1.159635066869668663e-04 1.328576327068731189e-04 1.677935943007469177e-04 1.343324256595224142e-04 8.481070399284362793e-03 2.128256112337112427e-02 2.655908279120922089e-02 8.294649422168731689e-03
8.077882375800982118e-05 1.507241977378726006e-04 1.243247243110090494e-04 1.270352804567664862e-04 1.542249519843608141e-04 1.133808764279820025e-04 7.627203129231929779e-03 1.899773627519607544e-02 2.782935090363025665e-02 1.364053506404161453e-02
4.852573692915029824e-05 1.100890076486393809e-04 8.832290041027590632e-05 1.053622836479917169e-04 1.496193872299045324e-04 1.012068751151673496e-04 6.881069391965866089e-03 1.678276620805263519e-02 1.412368472665548325e-02 2.098736353218555450e-02
5.663161937263794243e-05 1.098392240237444639e-04 1.028840124490670860e-04 8.284760406240820885e-05 1.234421943081542850e-04 9.810901246964931488e-05 6.168040446937084198e-03 1.484372559934854507e-02 5.592734087258577347e-03 3.142584860324859619e-02
4.536300548352301121e-05 1.061757502611726522e-04 9.573642455507069826e-05 7.893624569987878203e-05 9.573642455507069826e-05 8.940269617596641183e-05 5.451440811157226562e-03 1.289587188512086868e-02 2.324467990547418594e-03 4.620484635233879089e-02
5.337345282896421850e-05 7.628401363035663962e-05 5.963341027381829917e-05 9.381063864566385746e-05 9.669017890701070428e-05 8.191735105356201530e-05 4.902830347418785095e-03 1.143871247768402100e-02 1.033922657370567322e-03 5.790767446160316467e-02
4.357289071776904166e-05 7.891013956395909190e-05 6.361825944622978568e-05 7.640446710865944624e-05 1.004846999421715736e-04 6.000717985443770885e-05 4.328141454607248306e-03 9.784296154975891113e-03 5.125571624375879765e-04 4.045819491147994995e-02
2.460915857227519155e-05 7.647184975212439895e-05 4.658135731006041169e-05 2.900656363635789603e-05 7.413199637085199356e-05 4.161195829510688782e-05 3.828851506114006042e-03 8.387561887502670288e-03 2.780470531433820724e-04 1.616161875426769257e-02
1.689330565568525344e-05 4.287424962967634201e-05 3.958864181186072528e-05 3.532497066771611571e-05 4.317814091336913407e-05 3.732860932359471917e-05 3.388688666746020317e-03 7.135887630283832550e-03 1.963573595276102424e-04 6.740010809153318405e-03
3.192664371454156935e-05 6.966927321627736092e-05 4.548443757812492549e-05 3.192314034095034003e-05 3.966845179093070328e-05 2.419183874735608697e-05 3.029470099136233330e-03 6.146022118628025055e-03 1.325596385868266225e-04 3.071039915084838867e-03
2.425610364298336208e-05 6.059195584384724498e-05 4.091104347025975585e-05 4.393701965454965830e-05 1.969299046322703362e-05 8.331896970048546791e-05 2.680013189092278481e-03 5.306991282850503922e-03 9.545507782604545355e-05 1.510425005108118057e-03
4.814109342987649143e-05 4.329684816184453666e-05 2.124680941051337868e-05 4.273209924576804042e-05 3.109843964921310544e-05 2.722055251069832593e-05 2.315818564966320992e-03 4.553452134132385254e-03 5.888373925699852407e-05 8.493719506077468395e-04
5.096087988931685686e-05 5.617025817628018558e-05 3.112010381300933659e-05 5.617025817628018558e-05 6.944272172404453158e-05 2.373649112996645272e-05 2.066792920231819153e-03 3.935223445296287537e-03 8.063149289228022099e-05 5.284079234115779400e-04
1.889995473902672529e-05 1.465599689254304394e-05 1.917066583700943738e-05 2.395604678895324469e-05 4.872422869084402919e-05 2.741701246122829616e-05 1.825794694013893604e-03 3.372875275090336800e-03 3.460965672275051475e-05 3.181381034664809704e-04
8.542310752090997994e-06 2.847436917363665998e-06 1.641396920604165643e-05 4.161748802289366722e-05 2.445045356580521911e-05 2.947467510239221156e-05 1.581962103955447674e-03 2.855033846572041512e-03 5.827869972563348711e-05 2.079936821246519685e-04
2.963070983241777867e-05 1.706872899376321584e-05 0.000000000000000000e+00 2.576778388174716383e-05 2.265349212393630296e-05 2.018302075157407671e-05 1.433982164599001408e-03 2.444165991619229317e-03 7.279660349013283849e-05 1.793114206520840526e-04
4.150865788687951863e-05 7.802745676599442959e-05 4.125477789784781635e-05 4.781776806339621544e-05 8.930981493904255331e-06 4.624464418157003820e-05 1.316078938543796539e-03 2.152898116037249565e-03 7.672482024645432830e-05 1.379390596412122250e-04
1.733142562443390489e-05 0.000000000000000000e+00 3.791291601373814046e-05 3.032999484275933355e-05 3.574648872017860413e-05 1.697049447102472186e-05 1.121867448091506958e-03 1.817844109609723091e-03 2.816356754919979721e-05 8.647750655654817820e-05
3.929169542971067131e-05 6.571855919901281595e-05 2.631677853059954941e-05 7.445412484230473638e-05 8.340985368704423308e-05 6.147920794319361448e-05 1.026501180604100227e-03 1.605286845006048679e-03 2.207742727478034794e-05 9.649485582485795021e-05
2.095287072734208778e-06 1.885758319986052811e-05 6.358698738040402532e-05 3.919729715562425554e-05 6.285861218202626333e-06 1.810382855182979256e-05 9.468549978919327259e-04 1.359921414405107498e-03 1.556136339786462486e-05 7.660588744329288602e-05
9.785730071598663926e-05 7.153662591008469462e-05 6.124691572040319443e-05 8.605567018094006926e-06 1.008938124869018793e-04 1.442660686734598130e-05 8.238576701842248440e-04 1.231145579367876053e-03 7.803385233273729682e-05 1.127878858824260533e-04
0.000000000000000000e+00 4.255187741364352405e-05 3.180995190632529557e-05 4.438833275344222784e-05 1.798409903130959719e-05 0.000000000000000000e+00 7.193273631855845451e-04 9.774798527359962463e-04 4.172022818238474429e-05 9.976125875255092978e-05
0.000000000000000000e+00 2.708868487388826907e-05 0.000000000000000000e+00 5.372747909859754145e-05 3.944972195313312113e-05 0.000000000000000000e+00 6.588512915186583996e-04 8.722944185137748718e-04 1.901097311929333955e-05 8.603832247899845243e-05
2.592754754004999995e-05 7.407870725728571415e-06 2.996508737851399928e-05 1.313057600782485679e-05 0.000000000000000000e+00 1.481574145145714283e-05 5.928089958615601063e-04 8.277735323645174503e-04 7.407870725728571415e-06 9.493361721979454160e-05
2.583084824436809868e-05 0.000000000000000000e+00 0.000000000000000000e+00 0.000000000000000000e+00 3.503787593217566609e-05 3.538835517247207463e-05 4.744749167002737522e-04 6.796819507144391537e-04 4.918943523080088198e-05 5.732610588893294334e-05
6.660814051429042593e-06 5.646451609209179878e-05 5.146890543983317912e-05 6.660814051429042593e-06 6.760162068530917168e-05 6.660814051429042593e-06 4.405338549986481667e-04 6.033738609403371811e-04 5.172856253921054304e-05 1.068947894964367151e-04
0.000000000000000000e+00 6.259399924601893872e-06 5.017916464566951618e-07 2.007166585826780647e-06 5.459132444229908288e-05 3.256447234889492393e-05 4.269586352165788412e-04 5.246260552667081356e-04 7.437310705427080393e-05 1.352238268736982718e-05
0.000000000000000000e+00 4.251482096151448786e-05 4.666698441724292934e-05 6.692658644169569016e-05 1.693971535132732242e-05 1.693971535132732242e-05 4.593494813889265060e-04 5.221238825470209122e-04 4.517257548286579549e-05 7.556197670055553317e-05
3.066967110498808324e-05 7.879499753471463919e-05 2.310081254108808935e-05 7.122613897081464529e-05 4.987563443137332797e-05 0.000000000000000000e+00 3.107175289187580347e-04 4.131809400860220194e-04 2.231235157523769885e-05 4.930801515001803637e-05
0.000000000000000000e+00 0.000000000000000000e+00 1.620765260668122210e-06 7.023315902188187465e-06 3.781785380851943046e-06 0.000000000000000000e+00 2.539980341680347919e-04 2.443754638079553843e-04 0.000000000000000000e+00 4.862295554630691186e-06

