2.348862205687275489e-04 1.252841664565199022e-04 1.103389231399983081e-04 9.929812043751347819e-06 1.083091553844653138e-04 1.097855957833335770e-04 2.401473615032027911e-06
2.291283931507929192e-04 1.145250794908324603e-04 8.367034119776619748e-05 1.337992760671293491e-05 1.056312058093998422e-04 4.829043189485562019e-05 2.096058944601280857e-05
3.038407993781954103e-04 1.094897809375895329e-04 9.096334670418466538e-05 3.765510086350313499e-05 1.281806829763130736e-04 8.321900811825481102e-05 2.290505961452232511e-05
3.516035909091865734e-04 1.494743806071496372e-04 7.128175872646750157e-05 4.415508310976672211e-05 1.287321530368975263e-04 9.468497615837390396e-05 5.261183223403358128e-05
4.083270797677190640e-04 9.184996750290219669e-05 3.815281770919887888e-05 4.417136342168393555e-05 1.236996864691635595e-04 6.493025434843742970e-05 3.911274364257553819e-05
7.479349260765017372e-04 1.429826712590794024e-04 1.206435337428609473e-04 1.085623867974454542e-04 2.538904312284118625e-04 9.987104661846588939e-05 5.250370554561079484e-05
1.251409291334804573e-03 1.458189531570244508e-04 7.378149264034094634e-05 7.846933351740268423e-05 3.460584692929630506e-04 7.214631161546561930e-05 4.219672792440895559e-05
2.770579406247896011e-03 2.057439208967437204e-04 8.756896444898874267e-05 5.527107278787036929e-05 4.512328235773513689e-04 7.975948875966836459e-05 2.263660336502256121e-05
6.246415196167046970e-03 2.207257573135022852e-04 1.433580276838040935e-04 4.508497858517462181e-05 5.144102525040876017e-04 1.222144110225560707e-04 1.074817790408511428e-05
1.379592893784370097e-02 3.638250394959888570e-04 1.327443380831481892e-04 8.097902453747276002e-05 5.514641219179070757e-04 1.498757540945462445e-04 3.802353163344791539e-05
2.764561607713142757e-02 7.082481514209214551e-04 1.269922733812484182e-04 6.049097890469117846e-05 4.728762861530689090e-04 1.816668483070889132e-04 4.828279321647219077e-05
4.430395396697303645e-02 1.369529747566160856e-03 1.314717832942578811e-04 5.748445366984318859e-05 3.633424872572463293e-04 2.921498310149257750e-04 1.578194976126401003e-05
6.857941469363115772e-02 2.816039869201827049e-03 1.331843380017682613e-04 5.260659266643894676e-05 3.397143654617079548e-04 3.414906290383941932e-04 5.519293085677976016e-07
9.523830976866916320e-02 5.543047593890476459e-03 3.031246245188896123e-04 8.487132435900648572e-05 3.600225537461415951e-04 3.143234640798802976e-04 1.146693778285048239e-05
7.843753575224234054e-02 9.461665244616187728e-03 4.287064827614709881e-04 7.309004625926106323e-05 3.181916269817275530e-04 2.299890675832603278e-04 1.426654974322072687e-05
4.441262493062566458e-02 1.536425455903088315e-02 7.566964194700858976e-04 1.555927711879265577e-04 3.134308968188017426e-04 2.475561367273840393e-04 4.249449578026935376e-05
2.591341363407877532e-02 2.293768796714096975e-02 1.307385428686415677e-03 1.937404978340645251e-04 2.982022512715315379e-04 1.944302058893000414e-04 4.501956207796472187e-05
1.547268032883412220e-02 3.212928377277230602e-02 2.330807085024188489e-03 2.384908304146129705e-04 3.816577456693041165e-04 1.720796009141129066e-04 1.347166098890376177e-05
8.351422896717475286e-03 4.036556793324343889e-02 4.126494854846894308e-03 3.211303469398714546e-04 4.531709301411116744e-04 1.556176335053537096e-04 2.091749660045116998e-05
4.630715120052850131e-03 4.221745524467228339e-02 7.061914498172973224e-03 4.737262586670043171e-04 5.956855908115063665e-04 1.397659563592941673e-04 1.654148999586718064e-05
2.822227261690633208e-03 3.680561581054641457e-02 1.191270773502940521e-02 7.812136141780014285e-04 8.718580793797765013e-04 1.322261227828074850e-04 1.418078564929559646e-05
1.637853503963627218e-03 2.739354663388137226e-02 1.867703248979461772e-02 1.278074143472500944e-03 1.486155811862879730e-03 1.007120344838890997e-04 1.893809964423233264e-05
9.915475731174000669e-04 1.909430008539234405e-02 2.581844261758529935e-02 2.137254470350713129e-03 2.614111376473268484e-03 7.283868505361074477e-05 8.613447494591682267e-06
6.507951962552171749e-04 1.298921592795090202e-02 3.100611344552672496e-02 3.647716666098247372e-03 4.735727902096543637e-03 8.949397589765307169e-05 1.482273392221457504e-05
4.908648950134000171e-04 8.627366937569321687e-03 3.167185378452044842e-02 6.150623101668322226e-03 8.013436701749492366e-03 1.014614229831134701e-04 1.810093190863613520e-05
4.013373376220869546e-04 5.573683020229499782e-03 2.722935362921272834e-02 9.843591338189419671e-03 1.186022182601093218e-02 1.369163320258865769e-04 1.524898887402861204e-05
3.548193001191615975e-04 3.669100577549015349e-03 2.098982928680408200e-02 1.456823650049637701e-02 1.598394800616854960e-02 1.975279963796707948e-04 1.238938536259492753e-05
3.280740082804960568e-04 2.441591121867946190e-03 1.528866243014716068e-02 1.902668474485284811e-02 1.954750070597621389e-02 3.202537547782539473e-04 1.263209581261660292e-05
3.271874000947056806e-04 1.690960450476054278e-03 1.096143361910324916e-02 2.161374822319336517e-02 2.240455981980339975e-02 5.211376319552587068e-04 8.271952887728777456e-06
3.348825006669969525e-04 1.191814880366942565e-03 7.576362034147580277e-03 2.105835637517920744e-02 2.414130466943059314e-02 8.923778816692249033e-04 1.454398371576525817e-05
3.449195535380164307e-04 8.763603443964780972e-04 5.205713224549174227e-03 1.843660118199919040e-02 2.534648045977390060e-02 1.509518905607172643e-03 2.660308284261381396e-05
3.196012933926323783e-04 6.676565836780319922e-04 3.540435559742489968e-03 1.516249074726262226e-02 2.606392258321991659e-02 2.483599062191226958e-03 1.516204072959171318e-05
3.492563038892269791e-04 5.377250982404434146e-04 2.466258017949114235e-03 1.195017246559288739e-02 2.642058589303848334e-02 4.042960597008301259e-03 2.124862753738964742e-05
3.744446357587818638e-04 4.706681461141565140e-04 1.715726176229552319e-03 9.089682939392064107e-03 2.667874010024199813e-02 6.378625884689631195e-03 2.620783154730313045e-05
4.108043317628222034e-04 4.320484690897512898e-04 1.228058035137440454e-03 6.725517133246343079e-03 2.661780229145585888e-02 9.670229380078174466e-03 3.352877470209286259e-05
4.351446385268442391e-04 4.228069292412018525e-04 8.881555637875259519e-04 4.895887951552877967e-03 2.629512312866586626e-02 1.388051833490838195e-02 4.327052502928628634e-05
4.642700652050814314e-04 4.223669017396831146e-04 6.899593883557478139e-04 3.520158617774161048e-03 2.587085897432488471e-02 1.893163533834067366e-02 5.945697700782850265e-05
5.275494274784434719e-04 4.542014392694885107e-04 5.559718443144934762e-04 2.572169436558844214e-03 2.529495726111694390e-02 2.450613254226962495e-02 8.027070518968159435e-05
5.732808152299721923e-04 4.578087602067201973e-04 4.995159547772259944e-04 1.895284685417811385e-03 2.471344405376546885e-02 3.025345927921403028e-02 1.210082789296519764e-04
6.238590674663796421e-04 4.785653879814329745e-04 4.460998982660162424e-04 1.424913068839686863e-03 2.400632756808202331e-02 3.565977777579153879e-02 1.872756207052795317e-04
6.484474986988948090e-04 4.996893581086407155e-04 4.067065565765137238e-04 1.052195033648674468e-03 2.304386403224764970e-02 3.994575686548870741e-02 2.964893240074148516e-04
6.536403341509488098e-04 5.042551777803890457e-04 3.820356060053954118e-04 8.052882579043831035e-04 2.196645592623657633e-02 4.301344027070671400e-02 4.863956382465813803e-04
6.660254929353106191e-04 4.997549240713554993e-04 3.760982681237802884e-04 6.252358675619082993e-04 2.070719002494987235e-02 4.474912172289540607e-02 8.286231477172766816e-04
6.668499016599288608e-04 4.926921696063105280e-04 3.647120031570144725e-04 4.995549013597099961e-04 1.962563655360206535e-02 4.562541153099635566e-02 1.425768922067990972e-03
6.499355413998043592e-04 4.815267615102919690e-04 3.389229819734231128e-04 3.976216716339961606e-04 1.838244131785690683e-02 4.537219794192572098e-02 2.437127754448865230e-03
6.019566592105747528e-04 4.549168839826330034e-04 3.114294284107128321e-04 3.164723310187556884e-04 1.709074417106624943e-02 4.424918398420418786e-02 4.189946364829102640e-03
5.885345037001465203e-04 4.496714813075613636e-04 3.042878302250913479e-04 2.871222975573446560e-04 1.581429029918232296e-02 4.222792135471067215e-02 7.180015616368426445e-03
5.462507612618052984e-04 4.114079897167096560e-04 3.078978175693353756e-04 2.639253507452884225e-04 1.452700397226993310e-02 3.971919522983302642e-02 1.215962724708125921e-02
5.270286430162274185e-04 3.898159100061268840e-04 2.823583701648764758e-04 2.214137920087759753e-04 1.322090470200304631e-02 3.678677081867100934e-02 2.047031161120144507e-02
4.638242651873968319e-04 3.559460731747613317e-04 2.515395741663059223e-04 2.040496643839114497e-04 1.203591419017431552e-02 3.381644150493762213e-02 3.419610186758097192e-02
4.244998104108183706e-04 3.208745268937583509e-04 2.467090167024058012e-04 1.931655383406363086e-04 1.103396780654416869e-02 3.083853294931069092e-02 5.518734884726331225e-02
3.959504060672881407e-04 2.975352251446873207e-04 2.184817016481738314e-04 1.640233952963415971e-04 1.005832999415231903e-02 2.795001488415805452e-02 8.313072872521176659e-02
3.241263123733137863e-04 2.417670607559870650e-04 1.851274601834033376e-04 1.158619074881577882e-04 8.974706313450885736e-03 2.493513534788633842e-02 1.030697393752616903e-01
3.221097743831276110e-04 2.562778664069718959e-04 1.761499619781832114e-04 1.265948106761849283e-04 8.000677450392195203e-03 2.190416212270601681e-02 8.233867248429983798e-02
2.790120390951486996e-04 2.354080350701281640e-04 1.560648237440856131e-04 1.207134284848292909e-04 7.115932316890930323e-03 1.927894771968051424e-02 4.223306465878783750e-02
2.409550107780767270e-04 1.810470878486781642e-04 1.302144788682420675e-04 8.667467364571472175e-05 6.290920822490814364e-03 1.668287022257186961e-02 1.763017372367804703e-02
1.914613585285493804e-04 1.615817824396925423e-04 1.170551210413872775e-04 7.407231739807593944e-05 5.546403781194132049e-03 1.450375979444124344e-02 7.573553486721921676e-03
1.440945889655753317e-04 1.209908441283123802e-04 7.338309287647490136e-05 6.378418680575812948e-05 4.923975599225117149e-03 1.247350775155510287e-02 3.514929863191627087e-03
1.555806557214291382e-04 1.163159539918552800e-04 9.287301386107085029e-05 5.860735032696108788e-05 4.374115447635569705e-03 1.077458259895074794e-02 1.793251082248827804e-03
1.200003930640293801e-04 6.582597768497270847e-05 7.311886362841761382e-05 4.795460139292067388e-05 3.869715794761871466e-03 9.300272266070972599e-03 1.012568608114939196e-03
1.180529485502338838e-04 1.054650671854521690e-04 6.579311422710788695e-05 4.450051401081814577e-05 3.430058734088950369e-03 8.048283691493355457e-03 6.373240250966258260e-04
1.272600150718006576e-04 1.121220894305363354e-04 4.697506902304352330e-05 3.635597892189620131e-05 3.067865299877219759e-03 6.906815373778217755e-03 4.415566266426155769e-04
3.998370767218587251e-05 6.970173175081299474e-05 3.093530578909105077e-05 0.000000000000000000e+00 2.675885647689427941e-03 5.832266350866431408e-03 3.090695272030882378e-04
8.729036328639549949e-05 2.178863428625962928e-05 4.434728871562366824e-05 4.230888056902437682e-05 2.368436063610526374e-03 5.058220272401482004e-03 2.300371602491863639e-04
1.096680502397390531e-04 8.438758768263115973e-05 7.240956415637294816e-05 5.056092511421575973e-05 2.147393741603362965e-03 4.353653038825305681e-03 2.164536639774060931e-04
1.080150858531315718e-04 5.166593152710275609e-05 8.281156582073419649e-05 9.227176945173915228e-05 1.878709427875335097e-03 3.755159657843207092e-03 2.062191364454951735e-04
7.323080104644337182e-05 7.387462204262566518e-05 5.271839759983747273e-05 2.555815864072000113e-05 1.657327921971535464e-03 3.197615326467997607e-03 1.709731287366300710e-04
4.703951152013928976e-05 6.227960113807552028e-05 2.050044835918002079e-05 4.125477809717897529e-05 1.433787995207863987e-03 2.691798891089784446e-03 1.320009926496265151e-04
8.683928052768017324e-05 8.178371958962772506e-05 8.846431234824843359e-05 3.863562007374808356e-05 1.318113451548299933e-03 2.359641736384541014e-03 1.453328913396968454e-04
3.958525234508460810e-05 3.512573363376560783e-05 3.084968694137542149e-05 3.066621492244660756e-05 1.105928540608723098e-03 1.947918704513096387e-03 1.129577684051754358e-04
5.026150738364547300e-05 2.363593310310715099e-05 1.466700957081365150e-05 1.525478477692792277e-05 1.009381653971547438e-03 1.678418761345928456e-03 8.504582261634474887e-05
0.000000000000000000e+00 2.784526303435215689e-06 7.929379131645440429e-06 0.000000000000000000e+00 8.532148609213524712e-04 1.467435300311677225e-03 6.956827562625234008e-05
4.154707147207745664e-05 4.996720918839348642e-05 4.379935155133874499e-05 7.269853370332894128e-05 8.638927588161904401e-04 1.327319845709622106e-03 1.004415660835249814e-04
2.043874910794433249e-05 2.068322115738009334e-05 8.566654922274949678e-06 2.876093198078352470e-05 6.569345795712123884e-04 1.128492641350546709e-03 8.522918613260712327e-05
0.000000000000000000e+00 5.487468035017687492e-05 2.255721712215074461e-05 2.053844686005641991e-05 5.954949857000174998e-04 9.328010098149391470e-04 2.345331977418314666e-05
4.243574195562094457e-06 3.254668676132404110e-05 2.795263586496876462e-05 3.219621006053086077e-05 5.239959129534330941e-04 8.580067096368636194e-04 3.986353221842657785e-05
1.021588344743644118e-04 4.454843231783037991e-05 3.330407021766600679e-06 1.332162808706640272e-05 4.227359407296123021e-04 7.669928084062959837e-04 6.844077260620183643e-05
0.000000000000000000e+00 0.000000000000000000e+00 6.985698076072883219e-05 2.508958289463295499e-06 4.442314674590059210e-04 7.079179330579829467e-04 5.080278796189476736e-05
2.706951516278835508e-05 1.145867602876756748e-04 7.556197342000104842e-05 6.194213892520973965e-05 4.618370766877976492e-04 5.810772176915999284e-04 7.092084975848392074e-05
1.553195134857247804e-05 0.000000000000000000e+00 6.365727606089323809e-05 3.106390269714495778e-06 4.411384619720698551e-04 5.538829130289743725e-04 8.803365576570400209e-05
0.000000000000000000e+00 5.385144803302082940e-05 0.000000000000000000e+00 0.000000000000000000e+00 2.480552168032702245e-04 4.657240740657776421e-04 5.019354364555524833e-05
